1699.6525821596244
950.22754491017963
1031.4206695778748
80851.063829787236
840.38983050847457
16.035127223598288
84444.444444444438
2.2160641394675644
2400.6880000000001
4421.5000000000000
16.959905660377359
5.0188679245283021
6.9921976592977897
3647.3692946058090
6.7714285714285714
12.454662379421222
10.622273249138921
13.823731288791530
3.4941934313191800
1.0797529169526423
6.3647209985315714
2119.0757575757575
3495.0355329949239
237500.00000000000
16.666911764705883
1059.1282051282051
6495.2500000000000
1260.9240780911064
41.819277108433738
1.8926183892758390
1026.6752827140549
4.4049745105042701
2670.4545454545455
19.580786026200872
1.9576797596446280
1.3260038240917782
10.552099533437014
190000.00000000000
905.40186915887853
4.8748030999936995
0.36301013776969066
969.67857142857144
48663.000000000000
12.702247191011235
797.29192546583852
2237.5999999999999
2114.6933797909410
1.5722757598220904
7.3721860631754943
100000.00000000000
