1699.6525821596244
950.22754491017963
1031.4206695778748
80851.063829787236
840.38983050847457
16.035127223598288
84444.444444444438
2.2160641394675644
2400.6880000000001
774.27188940092162
16.959905660377359
4.8876899193240524
6.5777935164021502
3647.3692946058090
5.9573342153133781
1.6316899206931643
10.622273249138921
13.823731288791530
3.4941934313191800
1.0797529169526423
6.3647209985315714
2119.0757575757575
3495.0355329949239
237500.00000000000
16.666911764705883
1059.1282051282051
886.24596050269304
1260.9240780911064
11.036565977742448
1.8926183892758390
1026.6752827140549
4.4049745105042701
985.21624007060905
19.580786026200872
1.9576797596446280
1.1394413697682462
8.8772207684891882
190000.00000000000
905.40186915887853
4.8748030999936995
0.36301013776969066
836.09238249594819
695.44716058668678
8.6124699278267851
797.29192546583852
1872.8810572687225
2114.6933797909410
1.5722757598220904
7.3721860631754943
77551.020408163269
