1699.65258216
950.22754491
1130.12121212
80851.0638298
840.389830508
16.0351272236
84444.4444444
2.99582289056
2400.688
8843.0
16.9599056604
10.0377358491
13.9843953186
3647.36929461
13.5428571429
24.9093247588
10.6222732491
13.8237312888
3.49419343132
1.22848664688
12.4149659864
2119.07575758
3495.03553299
237500.0
23.9397993311
1811.66666667
12990.5
1799.64705882
83.6385542169
1.89261838928
1026.67528271
3.77677862999
5340.90909091
19.5807860262
1.95767975964
2.65200764818
21.1041990669
190000.0
1364.47887324
4.87480309999
0.36301013777
1939.35714286
97326.0
25.404494382
797.291925466
4475.2
2114.69337979
2.84316353887
7.48617511521
200000.0
